#ExampleConfigFile
n=50015481553359233696894127983
#n=119294134840169509055527211331255649644606569661527638012067481954943056851150333806315957037715620297305000118628770846689969112892212245457118060574995989517080042105263427376322274266393116193517839570773505632231596681121927337473973220312512599061231322250945506260066557538238517575390621262940383913963
#m=3920360
d=3
depth=4
r_factorbase=[2,3,5,7,11,13,17,19,23,29,31,37,41,43,47,53,59]
a_factorbase=[(0,2),(6,7),(13,7),(11,23),(26,29),(18,31),(19,41),(13,43),(1,53),(46,61),(2,67),(6,67),(44,67),(50,73),(23,79),(47,79),(73,79),(28,89),(62,89),(73,89)]
q_characterbase=[(28,97),(87,101),(47,103),(4,107),(8,107),(80,107)]
ub_rat_factor_base=900
ub_alg_factor_base=1100
ub_quad_character_base=11
a_lb=-1000
a_ub=1000
b_lb=1
b_ub=60
